5	19476.3	19467.8	19377.7	19509.8	19900	19624.1	19546.4	19295.8	19546.3	19356.7	
10	19279.7	19258.1	19344.9	19379.3	19288.2	19388.4	19373.3	19342.3	19330.6	19379.6	
20	19263.8	19373.6	19388.9	19343	19326.4	19275.3	19303.4	19246.7	19356.6	19264.4	
50	19285.7	19263.9	19323.7	19264.6	19313.2	19277.7	19243.7	19271.7	19290.7	19270.8	
100	19222.4	19308.3	19290	19233	19234.3	19249.5	19258.2	19255.2	19248	19316.5	
200	19222.7	19255.3	19217	19231.5	19256.5	19225.2	19219.4	19178.5	19255.3	19204.7	
500	19180.1	19162.4	19191.6	19142.5	19175.6	19167.8	19205.8	19167.7	19171.1	19179.7	
1000	19151.3	19146.2	19135.9	19151.8	19140	19163.7	19155.1	19158.9	19140.6	19147.7	
2000	20196.3	20196.4	20196.6	20196.2	20196.1	20196.1	20196.1	20196.4	20196.6	20196.2	
3000	20196.6	20196.5	20196.2	20196.4	20196.3	20196.7	20196.4	20196.3	20196.3	20196.8	
4000	20196.3	20196.9	20196.3	20196.1	20196.3	20196.6	20196.6	20196.6	20196.2	20196.2	
5000	20196.4	20196.8	20196.5	20196.1	20196.4	20196.6	20196.5	20196.5	20196.2	20196.4	
6000	20196.1	20196.5	20196.2	20196.3	20196.3	20196.2	20196.4	20196.3	20196.5	20196.6	
