5	0.94	0.832739	0.88	0.88	0.9	0.93	0.88	0.86	0.84	0.921169	
10	0.819063	0.9	0.85	0.77721	0.830862	0.813299	0.811184	0.811149	0.88264	0.808589	
20	0.818027	0.776029	0.765959	0.748951	0.849988	0.819445	0.718347	0.77084	0.708668	0.777759	
50	0.631494	0.58985	0.6408	0.624328	0.64573	0.701867	0.615203	0.622581	0.660849	0.72401	
100	0.475282	0.537512	0.49307	0.566837	0.467578	0.566831	0.579642	0.551478	0.536237	0.50298	
200	0.37452	0.419635	0.400467	0.383716	0.367343	0.401033	0.462864	0.447317	0.415799	0.418016	
500	0.230329	0.269454	0.231456	0.208359	0.227037	0.210634	0.229265	0.224698	0.224654	0.218166	
1000	0.129112	0.156393	0.150076	0.121461	0.173669	0.135291	0.154563	0.170411	0.147403	0.147503	
2000	0.0964667	0.0824132	0.093483	0.0929692	0.0906197	0.102031	0.0986574	0.118978	0.10452	0.106011	
5000	0.0632706	0.0701846	0.061526	0.0636299	0.0648115	0.0633483	0.0626431	0.0579569	0.0688522	0.0631178	
10000	0.0425852	0.0403687	0.043006	0.042018	0.0376464	0.0471943	0.043978	0.0393602	0.0466331	0.0454672	
20000	0.0273765	0.0272775	0.0328492	0.0306012	0.033823	0.0294066	0.0309985	0.0272735	0.0296951	0.0277561	
