5	89.2823	74.6498	80.4971	80.4652	83.0208	87.6215	80.3311	77.5633	74.773	86.7529	
10	73.0911	82.9935	77.1008	68.4222	74.4606	72.6887	71.9995	72.4671	80.8523	71.9809	
20	73.4867	69.3122	67.8329	65.8371	77.0485	73.1998	63.2797	68.393	62.1886	68.879	
50	56.4075	53.8368	57.0513	56.0652	57.0912	61.8184	55.3443	55.5022	57.5671	63.3956	
100	46.5397	49.3075	47.3588	51.2455	45.7656	51.0998	52.0204	50.7985	49.3844	47.8976	
200	41.6873	43.7242	42.9145	42.0349	41.6863	42.5347	45.5324	44.9482	43.4305	43.3336	
500	37.062	37.8007	37.0238	36.2223	36.9959	36.4474	36.6982	36.6978	36.556	36.4137	
1000	34.6812	35.1111	35.0537	34.712	35.4983	34.8834	35.2949	35.5703	35.1849	35.0966	
2000	34.342	34.2469	34.3095	34.2695	34.2783	34.3617	34.3378	34.5925	34.3939	34.4001	
5000	34.0712	34.125	34.0717	34.0786	34.0843	34.0792	34.0722	34.0666	34.0972	34.0565	
10000	33.9735	33.9583	33.9779	33.9683	33.9594	33.9828	33.9746	33.9629	33.9909	33.9828	
20000	33.9217	33.9254	33.9389	33.9364	33.9403	33.9282	33.9304	33.9223	33.9298	33.9262	
